y = _
add = _
syntax a + b = add a b
z = 1.23e0 + 3.5
x = 0123
x = 0o123
x = 0xA.p+7
x = 0b1001
x = y.a.0.1.2.3.b
p = _
u = 'a' p
v = "mochi" u
u = 1 + 0x123
v = 0xf.ffp10
w = 110
z = (1.).2 2.3e1
v = 111111111111111111111111111111111111111111111111111
v = 11111111111111.1111111111111111111111111111111111111
v = 11111111111111.1111111111111111111111111111111111111e1111111111111111111111
v = 11111111111111.1111111111111111111111111111111111111e+1111111111111111111111
v = 11111111111111.1111111111111111111111111111111111111e-1111111111111111111111
k = 0xaaaaaaaaa.aaaaaaap12399999999999999999999
k = 0xaaaaaaaaa.aaaaaaap-12399999999999999999999
k = 0xaaaaaaaaaaaaaaaap12399999999999999999999
k = 0xaaaaaaaaaaaaaaaap-12399999999999999999999